Price
514764
694256
66375
650243
223285
468127
513002
911525
723265
339416
913498
657493
259727
345187
688751
777513
506388
589618
984581
683801
697861
464248
663529
578742
673944
777688
402131
628528
759441
206547
908754
821668
292726
144791
788661
857605
490691
681866
545951
317724
180509
193092
866037
186343
270172
760595
684157
367006
689604
174451
309383
786091
733045
907158
945150
642127
456339
391530
70875
694566
737859
968451
458275
643358
59765
687096
529898
171246
971600
493884
71797
378756
332902
457435
229480
393288
837718
922183
74815
276710
433800
794809
887654
847051
961604
934336
970764
800385
169894
956906
679742
454364
882184
690360
828810
674652
221955
107941
638577
222349
655266
956644
73466
971463
432605
787341
199333
317544
99966
535119
179909
652288
532757
536275
141665
746631
293761
66488
307443
330371
736860
797146
872614
596120
769918
587488
272310
617456
311538
589180
336045
61952
327941
257358
198940
96629
734153
512753
969215
535320
346280
199748
157154
52631
884760
866015
428824
881284
515139
258072
168728
360625
384341
608236
95177
661882
328252
53657
821812
565329
971484
752356
699381
200619
972532
479201
51082
722960
528193
325261
210353
443238
153845
182871
728810
353294
928219
614562
64407
446608
282661
90725
930507
976932
674142
378042
834141
992969
151096
228872
843294
836351
233951
69455
845016
663311
62875
100547
133576
354592
324348
765079
619071
710709
798609
662840
67903
755255
592247
447694
526870
66738
541599
828639
978671
647640
918859
111600
442613
840243
513506
647689
56611
120605
462230
991869
624694
305315
117804
374377
757508
961508
986184
280755
675207
279602
227398
824769
866473
981539
637596
846075
961352
197748
866615
844686
695214
663337
914945
586498
999656
563611
464546
749192
194608
357248
528076
93021
921612
670218
961995
658725
202185
800639
768598
830644
687854
439522
822411
697659
682822
526908
591285
215369
649262
880154
905010
559966
235715
582046
356297
711944
619601
980291
393671
175407
445340
66220
873622
330558
796648
169342
93815
832680
716933
978735
396872
932622
629088
576961
921044
813277
160675
302990
668470
909029
913018
382597
979700
902609
698852
682909
657050
239913
287145
572485
726651
520917
219598
957107
641880
87869
747785
826653
220458
572247
681359
811299
156759
138771
587953
883334
730947
477894
790537
157271
975775
296509
934729
421467
744199
743411
838525
526684
422332
788650
205183
350646
899246
716205
759687
476855
727748
67215
415169
854660
329373
492113
276577
514674
687475
54090
584398
478082
407470
627564
445462
945954
667300
778165
462167
838695
815034
744896
51845
944370
166196
789126
405113
760463
506123
300396
88886
857662
141860
660355
500953
591465
322530
142643
815784
261087
218082
113528
196123
386940
632570
494049
562193
447530
